2.2533433808426384 0.0007454337572098587 1.3151846539512821 91.00000000000004 1
2.3151988087062634 0.0013545485909996437 1.2946471168950189 122.99999999999996 1
2.378752199689367 0.0014346154561119117 1.2500765491319814 129 1
2.444050163747691 0.0013860246544016403 1.101264543444871 135.99999999999994 1
2.511140590304092 0.0015194150439419207 1.103700241683387 143.00000000000006 1
2.5800726833705694 0.0016466212105354905 1.1241315498028945 149 1
2.650896997634407 0.0013545485909996437 1.1655710662646233 156.99999999999997 1
2.723665475534902 0.0017640983969037464 1.0999678754675335 164 1
2.7984314853578676 0.001572682202560869 1.130857583226511 171.00000000000003 1
2.8752498603758463 0.0016466212105354905 1.0963054757692587 179.00000000000006 1
2.954176939062748 0.0018683735992317966 1.1597970926726904 187.00000000000003 1
3.035270606412394 0.001956214416803346 1.1183649155840487 196.00000000000006 1
3.118590336391282 0.0021199896393725793 1.1594071521850169 204.00000000000006 1
3.204197235556696 0.001978812470116905 1.0698916104192926 212.99999999999997 1
3.29215408787216 0.002001671574575563 1.0351472222971319 221 1
3.3825254007530945 0.0020247947458240452 1.036906726964861 114.99999999999999 1
3.4753774523764567 0.002095779341722745 1.0518565303378151 120 1
3.5707783402890447 0.00216925249250598 1.0443208357325788 124.99999999999997 1
3.668798031350133 0.0021943115468995825 1.0516900177391055 130 1
3.7695084130450542 0.0022453014411218143 1.0565351086727084 135 1
3.8729833462073686 0.002324016489053221 1.0468963410181684 140 1
3.979298719188279 0.0022712390076971567 1.093858534088616 145 1
4.088532503513028 0.002350863366404751 1.0474704621428395 151.00000000000003 1
4.200764811065091 0.00272944138110883 1.0571345539293138 157 1
4.316077952840102 0.0026674568632353668 1.074284541923536 163.00000000000003 1
4.4345564993126105 0.0030970184183744852 1.0412117198558173 168 1
4.556287342459927 0.0032055926831845577 1.0502281572179637 175 1
4.681359759488568 0.003434293738809076 1.0292965969410124 181 1
4.80986547831001 0.003514097481681131 1.0314123634015362 186.99999999999997 1
4.941898744813798 0.0038082994322693343 1.0203001495971833 130 1
5.077556391987332 0.003896794060797529 1.0215558910654485 134 1
5.21693791093302 0.0040334066000569544 1.0239866088800091 139 1
5.360145523834901 0.004223035555150925 1.0329465448116286 143 1
5.507284258928226 0.0043710853626518975 1.0293850308555519 148.00000000000003 1
5.658462027527001 0.004321167534886496 1.05425940970957 152.99999999999997 1
5.813789703165977 0.004524325452170348 1.030401275376535 159 1
5.973381202915114 0.0046294585981719195 1.0342937094529705 152 1
6.137353570926189 0.004682937782925786 1.0364752784223343 143.99999999999997 1
6.305827064272783 0.004737034755514084 1.0322242825433994 111.99999999999999 1
6.4789252411466345 0.0049597444994112835 1.032460233739915 68 1
6.65677505147501 0.0049597444994112835 1.0200930459417896 47.99999999999999 1
6.83950693002559 0.004903104179870188 1.0253484836878755 36 1
7.027254892067113 0.0049597444994112835 1.0282993635483721 31 1
7.2201566316559616 0.004903104179870188 1.2710689874018337 28.000000000000004 1
7.4183536226207645 0.004903104179870188 1.2492028166651854 44.99999999999999 1
