1.9679896712654181 0.0006431400402750209 1.1336205491796465 73 1
2.0220119939092913 0.0008769102736260399 1.272088714876277 86.00000000000006 1
2.077517256929555 0.000729731001347618 1.2563936862588172 118.00000000000003 1
2.1345461677977187 0.0008185270245651871 1.1349816442347318 116.99999999999991 1
2.1931405514261986 0.001141975213099829 1.3339437127721705 75.00000000000001 1
2.2533433808426384 0.0013722999224977286 1.7468911345230516 125.00000000000001 1
2.3151988087062634 0.001053774098360643 1.1751453571158301 133.99999999999997 1
2.378752199689367 0.0013722999224977286 1.1556425126799799 144.00000000000006 1
2.444050163747691 0.0015750462454605424 1.4719401480197232 139.0000000000001 1
2.511140590304092 0.0018711071075902563 1.2442396039160315 155 1
2.5800726833705694 0.0019145763663254796 1.088781838182548 161 1
2.650896997634407 0.002027719167938502 1.1102501097669182 166.99999999999994 1
2.723665475534902 0.002580686682913967 1.2114290225597075 173.00000000000003 1
2.7984314853578676 0.002381365857370194 1.1145943213807286 179.00000000000003 1
2.8752498603758463 0.0027331935907218253 1.1291227142300948 129 1
2.954176939062748 0.0026406407799718346 1.0439621819634666 133 1
3.035270606412394 0.002610491619452715 1.0564343850027493 133 1
3.118590336391282 0.0027019877209490417 1.0437392109230483 137.99999999999997 1
3.204197235556696 0.002928144664235132 1.0568537399993443 143 1
3.29215408787216 0.0029961708491111684 1.0616192041278503 147.00000000000003 1
3.3825254007530945 0.003101184766822225 1.0931182979860703 152.99999999999997 1
3.4753774523764567 0.0031370010539298523 1.0366328137106824 158 1
3.5707783402890447 0.003322383624271415 1.0533710887318946 163 1
3.668798031350133 0.0034388310960927577 1.0797719749432355 168.00000000000003 1
3.7695084130450542 0.0034785469373318795 1.123408022071283 134.00000000000003 1
3.8729833462073686 0.0033995687051228897 1.1713595425735734 137.99999999999997 1
6.137353570926189 0.0037697020511485474 1.3995501001238113 153.00000000000003 1
6.305827064272783 0.004038584381398213 1.2771374580353614 158 1
6.4789252411466345 0.0039018277545649484 1.1441588322078444 141 1
6.65677505147501 0.0039468908493528135 1.1203404685059086 145.99999999999997 1
6.83950693002559 0.003992474388055584 1.064907710152373 147.99999999999997 1
7.027254892067113 0.0039018277545649484 1.0959483979509372 152.99999999999997 1
7.2201566316559616 0.0039468908493528135 1.0540058194406718 157 1
7.4183536226207645 0.003992474388055584 1.077876157894282 142.99999999999997 1
7.621991222319079 0.004180134242622958 1.1289048460523627 147.00000000000003 1
7.831218778242241 0.004180134242622958 1.1372603593643154 151 1
8.046189737546582 0.004180134242622958 1.2271610910974415 155.00000000000003 1
8.267061759591325 0.004326645338112123 1.2149418232511406 143 1
8.493996831565712 0.0044271612652308865 1.2638675475200067 147 1
8.727161387290147 0.004478291556029314 1.2546239650961668 150 1
8.966726429278499 0.004326645338112123 1.2735675694307262 155 1
9.212867654151063 0.004530012362167141 1.1697778305393731 145 1
9.4657655814902 0.004530012362167141 1.2115483973393408 149 1
9.72560568623309 0.0045823305036401234 1.1156563283668661 153 1
9.992578534698772 0.004530012362167141 1.0878556164443127 157 1
10.266879924349173 0.004635252879209698 1.0568286688042756 147.99999999999997 1
10.54871102738665 0.0045823305036401234 1.0813673771072965 152.00000000000003 1
10.838278538293372 0.0044271612652308865 1.0741221063869524 154.99999999999997 1
11.135794825420716 0.004530012362167141 1.0919059137145424 148 1
11.441478086739885 0.00485312550571868 1.0601083991869475 136.99999999999997 1
11.755552509867943 0.0047977155987744624 1.0458346568184345 134 1
12.078248436486671 0.0047977155987744624 1.054166845761523 135.99999999999997 1
12.409802531274773 0.0047977155987744624 1.0413261220405112 148.99999999999997 1
12.750457955477385 0.00485312550571868 1.0735580507438163 121.00000000000001 1
13.100464545240142 0.004909175354261005 1.1221085696984028 126.99999999999999 1
13.46007899483861 0.004909175354261005 1.0630004308364678 130 1
13.829565044937459 0.00485312550571868 1.1112677387027985 102.00000000000001 1
14.209193676017444 0.00485312550571868 1.1399424246509742 89 1
14.599243307112063 0.004909175354261005 1.1112974446505717 66 1
